%YAML:1.0
M: !!opencv-matrix
   rows: 3
   cols: 3
   dt: d
   data: [ 1.0501488890857645e+03, 0., 4.6832054315597134e+02, 0.,
       1.0706054239021369e+03, 2.6429657856426235e+02, 0., 0., 1. ]
D: !!opencv-matrix
   rows: 1
   cols: 5
   dt: d
   data: [ 1.2009873784004309e-01, -2.7844826043096066e-01,
       1.8325058613480702e-03, 1.0834132843784193e-03,
       -5.9212063525455472e-01 ]
