%YAML:1.0
M: !!opencv-matrix
   rows: 3
   cols: 3
   dt: d
   data: [ 2.5397009709459157e+03, 0., 1.6058141572573506e+03, 0.,
       2.5527394927346882e+03, 1.3021360934092463e+03, 0., 0., 1. ]
D: !!opencv-matrix
   rows: 1
   cols: 5
   dt: d
   data: [ 1.3470289923464682e-01, 6.8552048430408574e-01,
       9.8217223350651178e-03, -5.1912038631326514e-03,
       -5.0362748320623369e+00 ]
